                                           Influential Points and Diagnostics

                                                   The REG Procedure                                                    
                                                     Model: MODEL1                                                      
                                         Dependent Variable: Rented_Bike_Count                                          

Source                 DF  Sum of Squares    Mean Square   F Value    Pr > F
---------------  --------  --------------  -------------  --------  --------
Model                   8  19879726.40771  2484965.80096      6.75    <.0001
Error                  61  22458119.53515   368165.89402                    
Corrected Total        69  42337845.94286                                   

Root MSE         606.76675    R-Square            0.4695
Dependent Mean     745.02857    Adj R-Sq            0.4000
Coeff Var         81.44208

                                            Parameter Estimates                                            

Variable                  DF    Estimate  Standard Error   t Value  Pr > |t|  Tolerance  Variance Inflation
------------------  --------  ----------  --------------  --------  --------  ---------  ------------------
Intercept                  1  -461.25511       545.94385     -0.84    0.4015          .                   .
Temperature                1    52.31382         9.73133      5.38    <.0001    0.41044             2.43643
Humidity                   1    -8.82867         5.56560     -1.59    0.1178    0.38477             2.59894
Wind_speed                 1   150.06237        81.35731      1.84    0.0700    0.68212             1.46602
Solar_Radiation            1  -239.11708       126.17619     -1.90    0.0628    0.32731             3.05517
Rainfall                   1  -185.72009       118.09329     -1.57    0.1210    0.79175             1.26302
d_Warm_Season              1  -102.69967       201.45689     -0.51    0.6120    0.52221             1.91494
d_Holiday_Flag             1  -129.28483       233.29956     -0.55    0.5815    0.78916             1.26718
d_Functioning_Flag         1  1095.53158       327.48911      3.35    0.0014    0.73937             1.35249

                    Output Statistics                     

     Obs  Dep Var Rented_Bike_Count  Predicted    Residual
--------  -------------------------  ---------  ----------
       1                    30.0000   202.3437   -172.3437
       2                  1970.0000  1140.1145    829.8855
       3                  2505.0000  1261.3467   1243.6533
       4                     0.0000   -26.9173     26.9173
       5                   563.0000  1462.0498   -899.0498
       6                    72.0000   677.4715   -605.4715
       7                   757.0000   793.7406    -36.7406
       8                  2460.0000  1408.4771   1051.5229
       9                   576.0000   430.3307    145.6693
      10                   273.0000   525.2130   -252.2130
      11                    34.0000   194.8959   -160.8959
      12                   255.0000  1075.5561   -820.5561
      13                   574.0000   457.6116    116.3884
      14                  1885.0000  1400.9836    484.0164
      15                   316.0000   481.9144   -165.9144
      16                   466.0000  1439.0538   -973.0538
      17                   687.0000  1846.9040  -1159.9040
      18                   189.0000   652.7817   -463.7817
      19                   184.0000    39.4267    144.5733
      20                   996.0000  1242.4147   -246.4147
      21                   846.0000  1098.9975   -252.9975
      22                  1501.0000   827.2914    673.7086
      23                  1747.0000  1207.2104    539.7896
      24                   183.0000   -33.1971    216.1971
      25                   214.0000   372.7233   -158.7233
      26                  1334.0000  1410.5470    -76.5470
      27                   942.0000   726.6519    215.3481
      28                    22.0000   252.8496   -230.8496
      29                   581.0000   625.3878    -44.3878
      30                   582.0000  1490.3202   -908.3202
      31                  1777.0000  1415.6154    361.3846
      32                  1442.0000  1530.7055    -88.7055
      33                   312.0000   521.8482   -209.8482
      34                   536.0000   616.6365    -80.6365
      35                   643.0000  1374.0715   -731.0715
      36                  1882.0000   894.4098    987.5902
      37                   134.0000   525.0786   -391.0786
      38                   406.0000   464.3391    -58.3391
      39                    47.0000   663.3553   -616.3553
      40                  1594.0000  1144.9230    449.0770
      41                   250.0000  -186.1381    436.1381
      42                    41.0000    16.1393     24.8607
      43                     0.0000  -222.0716    222.0716
      44                   727.0000  1575.3948   -848.3948
      45                     0.0000   444.1702   -444.1702
      46                   130.0000   181.9780    -51.9780
      47                   585.0000   841.9791   -256.9791
      48                  1861.0000  1172.9769    688.0231
      49                    66.0000   -63.4600    129.4600
      50                   132.0000   607.9556   -475.9556
      51                   170.0000   244.6357    -74.6357
      52                   148.0000   364.2846   -216.2846
      53                  1308.0000  1165.6022    142.3978
      54                   165.0000   459.4195   -294.4195
      55                   248.0000   518.4287   -270.4287
      56                  2081.0000   862.3843   1218.6157
      57                  1029.0000  1219.3926   -190.3926
      58                   681.0000   796.1329   -115.1329
      59                     0.0000  -182.1267    182.1267
      60                    50.0000   251.4623   -201.4623
      61                  3130.0000  1329.3806   1800.6194
      62                  2965.0000  1617.1106   1347.8894
      63                   777.0000   785.7948     -8.7948
      64                   126.0000  -160.0364    286.0364
      65                  1406.0000   743.1361    662.8639
      66                  1473.0000  1490.4230    -17.4230
      67                   761.0000  1324.7299   -563.7299
      68                     0.0000   -13.0546     13.0546
      69                   102.0000   453.4225   -351.4225
      70                   223.0000   677.0753   -454.0753

                Output Statistics                 

     Obs  RStudent    DFFITS  Cook's D  Hat Diag H
--------  --------  --------  --------  ----------
       1   -0.2941   -0.0876  0.000865      0.0814
       2    1.4196    0.3468  0.013145      0.0563
       3    2.1904    0.6003  0.037699      0.0699
       4    0.0508    0.0294  0.000098      0.2508
       5   -1.6715   -0.8125  0.071248      0.1911
       6   -1.0216   -0.2226  0.005502      0.0453
       7   -0.0661   -0.0304  0.000105      0.1749
       8    1.8182    0.4476  0.021452      0.0571
       9    0.2534    0.0920  0.000955      0.1164
      10   -0.4319   -0.1324  0.001975      0.0860
      11   -0.2847   -0.1174  0.001554      0.1453
      12   -1.4193   -0.4100  0.018374      0.0770
      13    0.1979    0.0564  0.000359      0.0751
      14    0.8803    0.4151  0.019212      0.1819
      15   -0.2778   -0.0607  0.000415      0.0456
      16   -1.7228   -0.5918  0.037694      0.1055
      17   -2.0804   -0.7300  0.056145      0.1096
      18   -0.8134   -0.3031  0.010267      0.1219
      19    0.2520    0.0928  0.000972      0.1195
      20   -0.4256   -0.1432  0.002308      0.1017
      21   -0.4341   -0.1364  0.002094      0.0898
      22    1.1562    0.3239  0.011593      0.0728
      23    0.9632    0.4014  0.017921      0.1480
      24    0.4024    0.2178  0.005343      0.2266
      25   -0.2802   -0.1137  0.001458      0.1414
      26   -0.1334   -0.0491  0.000272      0.1194
      27    0.3688    0.1139  0.001462      0.0871
      28   -0.4063   -0.1607  0.002909      0.1352
      29   -0.0758   -0.0229  0.000059      0.0839
      30   -1.5792   -0.4636  0.023313      0.0794
      31    0.6735    0.3628  0.014760      0.2250
      32   -0.1596   -0.0734  0.000609      0.1746
      33   -0.3595   -0.1115  0.001401      0.0877
      34   -0.1381   -0.0433  0.000212      0.0895
      35   -1.2834   -0.4495  0.022213      0.1093
      36    1.7201    0.4929  0.026159      0.0759
      37   -0.6991   -0.3019  0.010214      0.1572
      38   -0.1004   -0.0332  0.000125      0.0986
      39   -1.0718   -0.3563  0.014073      0.0995
      40    0.7962    0.3227  0.011644      0.1411
      41    0.8167    0.4460  0.022222      0.2297
      42    0.0423    0.0123  0.000017      0.0779
      43    0.4333    0.2810  0.008892      0.2961
      44   -1.5039   -0.5493  0.032841      0.1177
      45   -0.8397   -0.4768  0.025377      0.2438
      46   -0.0880   -0.0238  0.000064      0.0681
      47   -0.4513   -0.1751  0.003452      0.1308
      48    1.1959    0.3868  0.016508      0.0947
      49    0.6633    1.9624  0.431841      0.8975
      50   -0.8411   -0.3314  0.012262      0.1344
      51   -0.1392   -0.0763  0.000658      0.2313
      52   -0.3721   -0.1206  0.001639      0.0951
      53    0.2402    0.0606  0.000414      0.0599
      54   -0.5017   -0.1442  0.002338      0.0762
      55   -0.4746   -0.1828  0.003759      0.1292
      56    2.1045    0.4186  0.018432      0.0381
      57   -0.3211   -0.0806  0.000733      0.0593
      58   -0.2003   -0.0728  0.000598      0.1166
      59    0.3403    0.1877  0.003972      0.2333
      60   -0.3422   -0.0955  0.001028      0.0723
      61    3.2953    0.8173  0.063886      0.0579
      62    2.3780    0.6050  0.037785      0.0608
      63   -0.0149   -0.0042  0.000002      0.0722
      64    0.4893    0.1476  0.002452      0.0834
      65    1.1214    0.2490  0.006859      0.0470
      66   -0.0298   -0.0092  0.000010      0.0872
      67   -0.9845   -0.3458  0.013294      0.1098
      68    0.0242    0.0131  0.000019      0.2252
      69   -0.5945   -0.1514  0.002573      0.0609
      70   -0.8044   -0.3239  0.011727      0.1395

                                      Identifying Influential Points and Outliers

                                            Influential Points and Outliers


  Obs  Rented_Bike_Count     cookd  student_resid  leverage  obs_id
-----  -----------------  --------  -------------  --------  ------
    1                563  0.071248      -1.647466  0.191107       5
    2                 66  0.431841       0.666336  0.897472      49
    3               3130  0.063886       3.057466  0.057943      61
